7001,10.06.20,c,2,1,10,11,12,13,14,15,27,30,36,38,48,52,59,60,62,74,76,77,78
7002,11.06.20,c,1,1,3,4,7,11,13,18,20,23,29,32,36,43,46,48,53,54,55,73,75
7003,12.06.20,c,1,4,5,6,14,16,18,22,23,25,27,39,50,57,62,68,69,75,77,79,80
7004,13.06.20,c,2,6,7,8,10,11,12,17,21,26,34,38,41,46,51,63,66,67,68,72,80
7005,14.06.20,c,4,6,11,21,23,25,27,33,34,35,45,46,47,51,60,61,64,72,76,78,80
7006,15.06.20,c,1,3,10,12,13,19,21,22,29,30,31,33,34,39,41,45,56,70,72,75,79
7007,16.06.20,c,3,2,5,6,19,22,24,26,30,36,38,46,48,49,53,63,66,67,70,71,74
7008,17.06.20,c,2,6,10,22,25,26,30,31,35,41,42,43,52,53,54,56,61,66,68,77,80
7009,18.06.20,c,2,2,3,5,9,12,15,18,19,25,28,31,36,44,46,47,50,54,60,72,76
7010,19.06.20,c,2,7,12,14,15,27,31,32,35,43,47,48,50,51,53,56,57,68,72,74,78
7011,20.06.20,c,2,1,4,8,16,19,24,25,26,29,32,41,44,53,54,55,57,64,65,66,70
7012,21.06.20,c,2,59,3,9,49,27,69,55,70,13,2,71,75,47,16,4,34,54,22,38,24
7013,22.06.20,c,4,64,56,55,25,59,72,16,27,63,41,46,76,45,32,65,21,19,53,12,30
7014,23.06.20,c,1,27,66,23,56,58,10,3,61,8,70,14,76,71,48,72,6,18,54,59,37
7015,24.06.20,c,1,72,26,6,65,12,78,75,39,3,14,46,28,60,4,18,38,19,71,63,25
7016,25.06.20,c,2,72,62,80,79,37,45,73,29,12,69,55,63,33,22,61,15,20,25,34,7
7017,26.06.20,c,4,16,30,4,50,49,18,6,38,21,55,68,56,71,51,37,74,52,19,34,27
7018,27.06.20,c,2,65,55,30,19,10,72,26,3,79,48,34,32,54,22,12,61,46,2,45,43
7019,28.06.20,c,2,69,37,48,51,62,36,24,29,38,6,30,79,65,49,10,26,39,21,71,53
7020,29.06.20,c,3,10,30,1,67,71,35,22,4,64,51,16,18,54,72,58,68,28,2,33,29
7021,30.06.20,c,3,53,32,72,29,76,70,25,40,17,37,61,47,44,36,52,65,78,12,68,63
7022,01.07.20,c,3,8,57,37,64,61,13,21,25,20,67,72,63,28,5,23,9,73,36,29,66
7023,02.07.20,c,1,28,26,70,20,17,64,36,24,78,5,80,46,43,11,32,58,16,33,57,55
7024,03.07.20,c,1,2,28,27,77,16,79,40,59,34,22,44,7,11,5,6,23,64,26,29,41
7025,04.07.20,c,2,77,24,14,60,29,46,73,57,40,52,66,71,4,27,63,18,44,68,75,43
7026,05.07.20,c,1,3,63,42,54,35,74,27,38,57,9,14,65,72,15,46,59,62,19,26,34
7027,06.07.20,c,4,75,65,22,52,33,63,67,77,48,66,44,6,72,73,47,15,76,34,59,26
7028,07.07.20,c,1,7,13,25,27,36,60,33,29,54,37,34,6,14,17,47,1,28,2,80,57
7029,08.07.20,c,1,21,22,57,60,12,63,70,75,56,16,52,14,68,40,11,5,13,28,24,30
7030,09.07.20,c,2,1,72,34,77,5,40,35,73,26,17,22,78,21,75,32,29,70,25,50,27
7031,10.07.20,c,1,22,73,4,50,38,79,77,12,76,9,3,66,53,68,74,43,29,28,47,51
7032,11.07.20,c,3,39,48,16,13,40,52,1,30,9,37,29,79,24,19,57,2,51,59,50,26
7033,12.07.20,c,1,11,24,37,40,78,61,71,52,20,26,2,60,53,68,79,76,5,23,36,50
7034,13.07.20,c,2,46,20,25,3,28,18,77,4,72,68,30,40,42,17,47,45,54,33,48,8
7035,14.07.20,c,1,9,26,25,10,38,19,20,54,13,45,52,51,69,40,29,55,1,17,14,67
7036,15.07.20,c,1,45,54,80,23,38,19,76,56,68,24,10,77,21,22,43,33,39,36,34,75
7037,16.07.20,c,2,62,70,79,43,54,48,58,40,71,21,68,24,53,16,9,7,4,33,30,29
7038,17.07.20,?,1,27,1,26,66,69,62,46,16,61,51,78,75,38,67,31,35,24,12,4,7
7039,18.07.20,?,1,68,66,47,60,52,27,37,40,76,31,45,48,56,43,24,1,50,34,38,71
7040,19.07.20,?,4,2,19,60,66,24,40,39,27,6,58,53,11,44,3,52,4,8,34,20,1
7041,20.07.20,?,2,41,77,45,72,42,17,58,12,59,23,7,67,33,47,5,44,24,55,46,38
7042,21.07.20,?,2,38,35,66,21,68,49,34,65,9,74,78,62,5,20,79,76,29,18,14,52
7043,22.07.20,?,1,7,37,72,35,33,58,59,28,80,55,60,52,79,3,18,44,77,12,27,24
7044,23.07.20,?,1,73,14,65,27,12,76,62,64,68,16,74,19,77,42,32,5,24,71,69,20
7045,24.07.20,?,1,29,76,11,25,7,79,53,62,13,56,72,44,5,71,69,75,65,73,51,31
7046,25.07.20,?,3,70,71,32,41,77,51,28,45,37,12,9,36,14,48,25,26,59,62,8,63
7047,26.07.20,?,4,78,45,39,33,70,32,73,30,66,27,38,67,6,62,14,1,74,11,56,31
7048,27.07.20,?,3,69,55,65,7,8,59,44,73,66,72,60,28,75,46,78,53,15,43,34,41
7049,28.07.20,?,4,11,51,45,65,2,62,73,6,32,3,79,38,20,28,15,37,7,42,68,56
7050,29.07.20,?,1,3,43,47,5,25,19,46,41,38,18,68,77,13,79,72,71,10,20,73,53
7051,30.07.20,?,1,37,45,43,3,53,18,79,2,50,36,12,30,5,25,19,51,21,22,75,7
7052,31.07.20,?,1,36,55,56,4,32,26,10,16,7,30,54,41,76,73,35,46,37,3,27,31
7053,01.08.20,?,1,69,5,40,42,8,37,49,47,24,59,75,48,19,70,11,31,73,54,36,58
7054,02.08.20,?,2,47,6,27,64,11,14,76,67,35,40,15,68,13,52,45,31,43,70,42,51
7055,03.08.20,?,2,5,60,20,10,74,33,70,43,29,54,77,36,44,78,19,31,32,34,69,57
7056,04.08.20,?,4,60,10,16,31,59,53,58,46,63,44,42,24,25,50,38,57,75,27,62,9
7057,05.08.20,?,3,74,75,3,72,43,54,44,14,51,31,26,36,27,61,5,2,21,79,4,58
7058,06.08.20,?,2,28,6,35,53,63,71,80,50,14,58,44,66,42,73,51,48,79,43,39,21
7059,07.08.20,?,1,59,19,68,49,36,31,37,4,30,8,50,43,35,46,61,78,48,39,38,28
7060,08.08.20,?,2,31,59,33,12,10,61,77,75,67,63,76,6,64,42,3,43,24,8,34,13
7061,09.08.20,?,2,62,30,59,68,80,9,40,53,18,15,39,75,69,58,41,51,70,23,29,42
7062,10.08.20,?,1,8,31,60,5,65,17,48,39,13,70,22,53,28,64,32,12,55,35,25,37
7063,11.08.20,?,3,71,2,73,38,61,67,40,1,58,64,75,78,8,62,32,65,37,30,79,56
7064,12.08.20,?,4,59,66,53,23,34,20,22,68,21,78,3,7,6,12,58,13,45,29,48,60
7065,13.08.20,?,1,17,5,76,4,38,78,44,56,34,57,15,19,80,66,46,22,36,12,7,11
7066,14.08.20,?,4,54,47,17,9,66,3,65,56,22,62,42,5,37,25,71,36,76,49,50,73
7067,15.08.20,?,2,24,62,31,38,59,30,11,10,21,8,48,80,37,51,71,4,6,2,42,50
7068,16.08.20,?,3,39,37,43,11,78,14,80,64,5,57,6,52,71,60,10,40,18,45,51,23
7069,17.08.20,?,1,48,43,28,37,70,56,62,11,20,19,10,26,36,71,77,55,49,21,44,30
7070,18.08.20,?,4,55,79,30,59,68,24,33,80,5,23,69,27,29,32,2,15,39,3,10,6
7071,19.08.20,?,2,56,63,6,12,7,67,36,60,38,16,29,10,14,71,62,58,18,69,4,31
7072,20.08.20,?,3,45,28,21,68,13,26,24,9,65,70,46,63,80,78,38,2,1,69,76,32
7073,21.08.20,?,1,23,65,66,51,44,70,72,2,58,1,9,53,32,28,34,80,41,22,76,7
7074,22.08.20,?,2,21,70,63,44,29,37,5,59,55,76,15,16,3,30,73,50,26,57,72,49
7075,23.08.20,?,3,54,4,80,34,77,9,17,5,64,61,43,22,44,53,57,55,14,35,50,78
7076,24.08.20,?,3,54,66,68,16,65,30,38,3,11,64,44,36,33,41,8,51,9,53,34,19
7077,25.08.20,?,3,33,6,39,80,46,44,68,41,63,77,54,31,72,50,24,62,74,47,35,30
7078,26.08.20,?,4,1,62,44,40,73,60,54,74,65,75,15,41,39,9,61,80,71,76,8,21
7079,27.08.20,?,4,43,60,34,67,24,65,13,64,76,9,8,35,57,18,48,7,44,6,49,63
7080,2020-08-28,?,4,3,7,8,12,13,15,23,26,30,41,44,48,49,51,53,63,67,69,73,77
7081,2020-08-29,?,2,3,6,7,11,14,15,19,20,21,23,27,30,37,44,47,57,61,65,67,78
7082,2020-08-30,?,4,9,13,15,16,18,25,26,30,33,35,44,47,49,57,62,66,67,68,74,80
7083,2020-08-31,?,2,2,4,7,15,17,24,29,32,41,42,43,47,48,52,56,58,65,66,76,77
7084,2020-09-01,?,3,3,4,7,8,17,18,20,22,29,41,42,43,46,54,57,61,62,70,71,79
7085,2020-09-02,?,2,11,23,27,29,36,40,46,53,58,59,60,62,63,65,66,73,74,77,78,79
7086,2020-09-03,?,1,9,10,11,18,19,21,25,27,28,33,36,46,47,50,62,63,67,69,72,74
7087,2020-09-04,?,2,2,4,10,11,13,14,15,16,20,23,27,29,32,36,40,49,56,61,75,78
7088,2020-09-05,?,1,9,10,11,12,15,16,18,21,24,32,41,47,53,55,60,61,63,67,72,75
7089,2020-09-06,?,3,2,4,8,9,12,15,16,19,29,32,36,42,50,53,55,57,60,68,71,73
7090,2020-09-07,?,3,1,2,4,11,13,18,21,29,32,37,40,42,45,51,52,53,66,69,70,75
7091,2020-09-08,?,2,1,6,7,9,10,15,18,29,38,40,41,45,52,58,64,66,67,68,76,77
7092,2020-09-09,?,1,4,6,7,9,16,18,19,22,31,37,40,42,43,46,53,55,65,70,72,80
7093,2020-09-10,?,3,2,4,10,20,21,22,32,33,36,38,43,48,53,59,61,65,67,68,70,71
7094,2020-09-11,?,3,1,3,8,9,13,14,15,16,30,31,33,36,44,45,47,52,58,63,69,75
7095,2020-09-12,?,3,3,6,7,12,19,23,24,26,27,40,41,44,45,50,59,67,71,74,78,80
7096,2020-09-13,?,1,4,10,11,15,21,23,26,40,45,52,55,58,60,61,62,66,68,70,73,76
7097,2020-09-14,?,2,8,9,11,17,21,23,27,39,42,47,50,52,54,56,67,68,75,76,77,78
7098,2020-09-15,?,3,3,9,10,11,14,15,31,32,33,39,42,43,48,54,55,59,60,66,77,78
7099,2020-09-16,?,4,1,4,7,8,9,16,29,33,38,40,50,51,58,64,66,67,69,70,75,79
7100,2020-09-17,?,4,7,9,15,16,19,20,34,35,37,42,44,48,53,54,55,72,73,75,76,77
7101,2020-09-18,?,1,7,8,15,16,17,19,22,24,31,35,36,41,45,46,65,71,73,74,75,76
7102,2020-09-19,?,2,5,10,12,18,22,23,24,28,39,40,50,53,56,60,63,66,67,76,78,79
7103,2020-09-20,?,4,3,5,13,15,19,22,28,31,36,44,48,52,56,59,70,71,74,76,79,80
7104,2020-09-21,?,4,3,4,5,7,12,16,17,23,27,28,30,38,43,45,47,65,66,68,72,76
7105,2020-09-22,?,1,4,7,16,19,20,25,27,28,35,36,37,40,41,42,44,48,51,55,63,69
7106,2020-09-23,?,4,2,4,7,14,18,26,44,49,50,51,52,55,60,61,66,68,72,73,79,80
7107,2020-09-24,?,4,1,6,9,12,18,19,28,32,33,42,49,54,62,63,65,67,69,71,73,80
7108,2020-09-25,?,3,6,8,17,25,31,32,34,41,43,47,53,54,55,57,62,70,73,74,76,77
7109,2020-09-26,?,3,6,12,18,19,20,23,26,29,31,32,41,47,49,51,52,62,66,73,76,80
7110,2020-09-27,?,2,5,8,11,12,13,15,18,27,31,44,45,46,48,60,61,62,63,64,68,75
7111,2020-09-28,?,3,11,19,23,24,25,27,30,32,33,39,41,54,58,60,63,64,69,73,74,80
7112,2020-09-29,?,1,5,7,14,20,24,28,30,32,37,38,46,47,54,55,63,65,66,68,70,72
7113,2020-09-30,?,1,11,14,17,23,25,28,30,32,37,38,39,42,44,50,56,59,61,64,69,76
7114,2020-10-01,?,2,1,14,17,22,29,33,34,35,38,41,47,48,50,51,54,61,62,67,75,77
7115,2020-10-02,?,3,5,18,19,32,37,38,44,46,47,50,51,53,54,59,66,68,69,73,74,80
7116,2020-10-03,?,2,1,2,9,12,13,15,18,26,29,30,31,40,45,48,55,59,61,73,78,80
7117,2020-10-04,?,1,2,5,15,16,17,24,27,32,37,39,41,43,45,46,48,50,61,64,68,80
7118,2020-10-05,?,1,1,2,5,10,12,22,24,25,33,34,36,42,48,51,57,58,62,65,68,71
7119,2020-10-06,?,4,2,4,5,8,9,15,17,18,24,28,36,39,44,48,54,56,58,65,66,69
7120,2020-10-07,?,4,2,4,14,16,22,27,29,30,34,38,39,51,54,59,62,64,65,66,73,75
7121,2020-10-08,?,4,8,11,12,13,14,15,21,25,27,28,29,30,40,41,48,62,63,71,72,77
7122,2020-10-09,?,3,3,4,7,13,16,25,27,32,34,39,44,55,57,59,62,63,64,65,73,79
7123,2020-10-10,?,4,7,9,10,12,17,31,34,37,38,39,40,41,43,44,48,49,50,52,59,62
7124,2020-10-11,?,1,1,4,6,16,18,25,33,35,36,39,44,45,51,55,59,60,61,63,71,76
7125,2020-10-12,?,3,4,6,10,18,20,29,32,34,37,40,43,45,51,55,58,65,72,74,75,76
7126,2020-10-13,?,4,3,6,12,15,18,20,23,32,34,36,45,49,51,53,54,55,56,63,72,73
7127,2020-10-14,?,2,2,7,15,16,17,20,39,43,46,48,49,51,52,60,62,67,73,78,79,80
7128,2020-10-15,?,4,6,9,17,21,22,27,30,32,38,41,42,44,51,54,57,60,65,69,70,76
7129,2020-10-16,?,2,2,13,15,22,26,30,34,35,37,42,44,46,49,60,64,70,72,73,74,78
7130,2020-10-17,?,1,4,5,11,12,15,28,29,35,36,37,43,47,48,54,55,66,70,72,78,79
7131,2020-10-18,?,1,3,8,10,11,29,30,37,38,39,43,49,53,54,55,60,65,67,70,73,75
7132,2020-10-19,?,1,4,5,7,10,17,23,25,29,36,38,40,41,45,47,51,59,63,66,70,79
7133,2020-10-20,?,3,2,4,5,9,10,13,14,18,19,21,25,40,43,46,50,53,55,59,71,79
7134,2020-10-21,?,4,15,28,34,38,39,40,46,47,51,53,54,58,60,65,67,68,71,72,75,78
7135,2020-10-22,?,2,10,11,12,16,17,18,19,20,25,33,41,48,51,62,70,72,74,77,79,80
7136,2020-10-23,?,3,2,4,6,10,18,22,30,31,38,40,52,53,54,56,59,64,69,74,76,80
7137,2020-10-24,?,1,2,3,4,12,21,23,27,28,32,38,44,54,56,58,60,65,66,67,71,77
7138,2020-10-25,?,1,4,7,9,13,14,18,26,27,28,41,46,48,50,54,55,58,64,65,73,79
7139,2020-10-26,?,3,6,8,10,11,14,17,20,21,22,24,31,35,44,46,55,56,57,69,73,79
7140,2020-10-27,?,3,1,2,7,10,14,17,28,37,38,43,45,46,56,58,68,69,71,74,75,78
7141,2020-10-28,?,4,1,3,7,8,14,15,20,21,23,27,28,29,30,42,43,49,59,62,68,79
7142,2020-10-29,?,2,9,23,27,30,32,37,39,52,53,55,57,58,60,62,63,65,67,69,74,80
7143,2020-10-30,?,4,1,7,10,13,17,19,22,25,27,28,31,32,35,43,48,51,52,54,57,63
7144,2020-10-31,?,1,2,4,7,10,11,13,14,15,16,24,32,39,40,41,62,67,68,69,70,80
7145,2020-11-01,?,4,3,6,17,18,19,21,27,29,37,39,44,45,46,54,57,62,64,67,72,77
7146,2020-11-02,?,4,17,18,19,20,25,27,32,33,36,43,50,51,53,56,58,64,74,75,76,79
7147,2020-11-03,?,3,1,5,9,14,18,19,20,30,32,36,47,49,56,59,63,69,74,75,77,78
7148,2020-11-04,?,4,2,4,5,8,11,19,28,29,32,33,38,46,48,56,57,59,63,65,66,72
7149,2020-11-05,?,2,2,16,20,23,32,34,41,44,45,47,55,57,58,63,65,67,68,70,74,75
7150,2020-11-06,?,4,4,8,12,16,17,21,22,32,34,36,38,43,45,49,50,59,65,68,70,77
7151,2020-11-07,?,2,8,17,23,24,26,27,28,35,43,44,45,50,54,55,56,58,64,69,73,76
7152,2020-11-08,?,4,3,5,7,8,12,19,24,27,32,40,43,50,52,60,62,67,68,70,71,77
7153,2020-11-09,?,4,6,8,9,12,15,19,26,28,38,39,40,41,46,59,66,68,69,75,76,79
7154,2020-11-10,?,4,1,3,4,8,12,14,25,27,30,32,40,41,50,58,61,63,70,78,79,80
7155,2020-11-11,?,1,2,9,15,16,19,22,24,25,37,38,39,41,50,53,54,56,59,64,78,80
7156,2020-11-12,?,1,1,2,8,15,16,18,33,37,46,52,55,64,65,69,70,72,73,75,76,80
7157,2020-11-13,?,2,8,10,16,21,25,33,34,35,37,44,50,51,63,64,67,70,72,75,77,80
7158,2020-11-14,?,1,6,16,19,21,22,26,34,38,40,41,44,49,52,53,56,57,59,63,64,80
7159,2020-11-15,?,2,5,7,8,15,17,20,21,25,26,27,35,36,39,46,49,51,65,66,71,78
7160,2020-11-16,?,2,4,5,18,32,35,36,44,46,48,52,55,57,59,62,64,69,73,75,77,80
7161,2020-11-17,?,1,1,2,3,8,9,11,13,19,21,25,31,49,51,55,57,59,72,77,79,80
7162,2020-11-18,?,3,2,4,7,12,26,27,29,30,31,34,37,46,51,52,56,57,63,65,76,80
7163,2020-11-19,?,1,3,4,7,8,12,16,18,21,24,33,34,37,42,44,46,58,59,68,71,76
7164,2020-11-20,?,4,2,6,7,9,10,13,14,19,34,38,48,52,56,59,61,67,68,72,73,77
7165,2020-11-21,?,4,4,6,11,15,17,18,19,27,36,41,45,50,53,57,62,67,69,71,79,80
7166,2020-11-22,?,1,2,3,4,14,15,18,27,35,42,48,50,55,58,62,64,66,70,73,76,79
7167,2020-11-23,?,1,12,18,21,25,29,33,35,37,40,50,59,65,66,70,72,73,76,77,78,79
7168,2020-11-24,?,1,2,4,5,11,25,28,31,32,33,34,43,49,54,62,67,73,75,78,79,80
7169,2020-11-25,?,1,5,11,15,20,21,25,28,31,32,40,43,46,48,49,50,59,66,70,76,80
7170,2020-11-26,?,4,1,2,3,6,8,11,28,29,30,31,32,36,43,46,55,56,64,70,77,79
7171,2020-11-27,?,1,2,5,6,7,11,13,16,21,22,26,34,35,41,42,48,55,61,66,68,75
7172,2020-11-28,?,1,5,9,17,23,27,30,35,39,40,45,60,61,63,65,66,70,71,73,76,79
7173,2020-11-29,?,1,2,6,11,18,19,21,25,26,28,34,36,45,48,51,54,57,62,67,68,75
7174,2020-11-30,?,4,4,8,10,11,12,13,18,20,26,28,37,43,52,58,64,67,71,72,74,75
7175,2020-12-01,?,2,5,6,7,9,14,20,21,26,27,28,31,37,56,57,62,63,73,74,76,79
7176,2020-12-02,?,2,6,10,15,21,23,25,26,30,32,33,41,45,50,59,61,63,64,68,69,75
7177,2020-12-03,?,2,5,9,11,12,19,22,27,32,36,38,41,45,48,53,63,69,70,73,79,80
7178,2020-12-04,?,2,2,3,5,6,10,13,20,22,24,27,28,33,36,41,50,51,54,58,75,77
7179,2020-12-05,?,4,2,4,6,10,17,23,25,27,30,31,37,39,50,59,64,69,71,72,76,79
7180,2020-12-06,?,3,7,9,13,14,17,18,19,25,28,30,31,41,42,43,47,55,63,68,71,78
7181,2020-12-07,?,3,3,5,7,9,10,13,17,19,20,25,28,38,41,51,57,58,60,63,72,73
7182,2020-12-08,?,1,2,5,7,14,15,26,34,35,36,41,43,51,54,60,61,63,68,70,74,75
7183,2020-12-09,?,4,1,5,6,9,10,14,16,17,24,32,34,38,57,63,66,70,74,76,77,80
7184,2020-12-10,?,4,9,13,16,21,23,30,36,41,44,51,61,63,65,66,67,71,72,76,79,80
7185,2020-12-11,?,1,1,4,11,22,25,28,29,31,34,37,38,42,44,57,64,65,70,72,74,78
7186,2020-12-12,?,1,4,11,12,14,15,17,22,25,27,33,34,37,41,42,44,59,62,69,70,77
7187,2020-12-13,?,3,2,3,6,8,18,20,24,28,32,45,46,49,50,51,52,54,67,71,73,79
7188,2020-12-14,?,1,1,3,7,24,29,30,33,47,49,52,53,60,62,63,65,69,73,74,75,80
7189,2020-12-15,?,2,1,9,10,18,21,26,29,30,39,40,43,45,49,50,57,58,68,74,76,78
7190,2020-12-16,?,4,4,8,22,27,28,33,36,38,42,47,48,50,51,52,53,56,60,61,76,79
7191,2020-12-17,?,4,4,5,6,9,11,14,19,24,26,28,29,33,39,41,43,46,47,50,56,59
7192,2020-12-18,?,4,2,3,5,6,13,22,26,28,30,31,33,34,40,42,49,54,56,65,67,68
7193,2020-12-19,?,4,1,4,6,18,21,23,27,34,36,38,42,44,47,50,51,66,68,72,75,76
7194,2020-12-20,?,4,1,3,4,5,8,9,11,17,19,23,27,40,41,42,56,58,67,69,71,72
7195,2020-12-21,?,4,2,3,5,19,23,26,30,36,38,40,43,44,49,52,61,62,63,66,67,77
7196,2020-12-22,?,4,8,9,12,23,26,34,35,40,43,46,49,53,55,60,62,63,65,71,76,78
7197,2020-12-23,?,4,4,7,13,17,22,24,34,38,39,45,55,57,59,62,65,67,69,70,71,76
7198,2020-12-24,?,1,3,7,11,13,17,20,23,24,25,35,38,46,50,53,58,62,66,71,75,76
7199,2020-12-25,?,1,2,4,18,24,32,35,41,42,47,48,49,50,56,58,67,72,76,77,78,79
7200,2020-12-26,?,4,1,2,12,13,17,23,26,28,38,45,47,48,53,54,57,62,71,74,77,80
7201,2020-12-27,?,4,1,2,3,5,8,11,12,15,28,34,36,39,46,53,60,63,69,71,73,74
7202,2020-12-28,?,2,2,8,9,10,13,19,24,32,34,41,46,48,51,53,61,71,72,74,75,79
7203,2020-12-29,?,2,3,7,12,18,24,34,35,39,46,52,53,55,58,61,67,71,72,73,75,80
7204,2020-12-30,?,3,2,11,14,24,26,30,41,46,50,51,54,59,60,63,68,69,72,76,78,79
7205,2020-12-31,?,1,5,9,12,13,18,19,22,23,27,29,31,46,48,53,54,66,70,71,73,79
7206,2021-01-01,?,1,2,3,13,18,19,20,25,26,29,32,35,37,40,45,46,50,51,54,63,66
7207,2021-01-02,?,1,2,6,17,18,20,21,22,26,27,33,40,42,44,48,49,51,54,62,66,75
7208,2021-01-03,?,2,6,7,9,11,18,19,20,22,25,27,40,42,43,50,56,57,64,66,76,79
7209,2021-01-04,?,3,6,9,14,18,23,32,33,34,42,45,57,62,63,65,66,71,72,73,75,80
7210,2021-01-05,?,4,4,10,11,14,15,17,18,20,22,28,30,33,36,37,41,46,67,68,70,75
7211,2021-01-06,?,1,4,5,10,13,16,19,21,22,24,29,43,45,47,49,55,58,64,66,73,80
7212,2021-01-07,?,2,2,5,6,11,16,19,20,21,24,25,32,40,51,52,54,58,59,65,73,78
7213,2021-01-08,?,3,8,22,24,25,30,34,35,36,38,41,44,46,47,53,58,61,65,70,71,73
7214,2021-01-09,?,3,3,6,14,17,19,26,27,32,33,37,39,45,48,63,65,69,75,76,79,80
7215,2021-01-10,?,2,4,8,9,17,28,31,33,35,38,47,48,58,60,61,63,64,71,72,73,75
7216,2021-01-11,?,2,15,16,28,30,31,35,36,38,39,42,43,48,58,62,64,67,75,78,79,80
7217,2021-01-12,?,3,1,4,8,10,11,18,19,24,29,35,41,44,47,51,55,62,63,65,72,75
7218,2021-01-13,?,3,2,7,11,16,21,22,24,31,33,34,35,43,52,54,55,57,59,61,65,73
7219,2021-01-14,?,3,6,7,8,10,11,12,16,19,25,26,34,37,39,44,49,54,56,61,69,76
7220,2021-01-15,?,4,6,8,18,22,23,24,26,34,35,44,46,49,50,52,55,57,63,68,69,77
7221,2021-01-16,?,4,1,4,6,7,18,21,23,29,33,34,38,39,46,52,55,61,62,64,69,72
7222,2021-01-17,?,2,15,20,21,23,25,30,34,40,42,50,51,60,62,66,70,72,73,74,75,76
7223,2021-01-18,?,1,2,5,15,16,17,21,27,37,39,43,46,49,52,57,58,62,65,67,68,72
7224,2021-01-19,?,4,1,3,8,9,17,21,24,25,26,27,32,35,39,43,46,53,59,68,70,78
7225,2021-01-20,?,3,2,18,23,30,37,39,43,46,47,53,54,56,58,59,62,65,66,67,68,76
7226,2021-01-21,?,3,4,9,13,17,18,22,27,34,38,46,50,51,54,58,63,65,68,70,73,77
7227,2021-01-22,?,1,17,22,33,38,39,42,44,51,55,56,58,59,61,67,68,69,71,73,74,76
7228,2021-01-23,?,3,5,10,15,16,18,20,24,28,29,31,35,53,54,57,60,61,69,70,73,79
7229,2021-01-24,?,3,1,5,8,9,11,12,15,18,22,24,26,31,42,43,51,56,61,68,69,70
7230,2021-01-25,?,3,4,9,11,13,17,18,25,39,42,51,52,53,54,55,64,66,67,71,77,79
7231,2021-01-26,?,2,3,11,15,22,23,24,29,34,36,40,42,50,54,55,63,65,66,69,73,78
7232,2021-01-27,?,1,2,3,8,12,16,25,27,32,33,34,41,42,52,55,61,70,71,74,79,80
7233,2021-01-28,?,3,3,8,18,20,22,26,27,32,36,38,40,43,46,51,56,64,68,73,76,80
7234,2021-01-29,?,4,3,8,12,14,17,18,20,21,22,27,31,33,37,38,46,57,60,72,74,76
7235,2021-01-30,?,4,2,9,14,20,23,26,28,30,33,47,50,52,53,59,60,61,62,64,72,73
7236,2021-01-31,?,3,12,18,21,23,28,29,30,33,41,42,45,46,62,66,67,70,71,73,76,78
7237,2021-02-01,?,2,3,5,8,12,13,14,19,30,33,36,38,43,47,61,66,69,70,71,74,78
7238,2021-02-02,?,4,1,2,4,9,10,15,22,27,34,36,41,45,50,53,60,63,72,75,76,77
7239,2021-02-03,?,3,2,4,6,18,25,29,37,39,40,42,44,48,50,58,62,66,68,76,79,80
7240,2021-02-04,?,1,3,10,12,13,14,23,25,27,37,39,43,50,53,58,62,65,69,76,77,80
7241,2021-02-05,?,1,4,12,15,17,19,21,28,31,36,37,44,45,46,51,55,56,58,67,71,75
7242,2021-02-06,?,3,5,8,13,15,16,22,23,24,27,36,44,47,52,56,57,58,59,63,73,76
7243,2021-02-07,?,4,1,4,5,8,10,13,14,16,42,46,50,58,59,60,61,63,66,69,74,79
7244,2021-02-08,?,3,1,7,8,16,20,29,30,33,37,41,48,54,56,60,64,68,70,74,78,80
7245,2021-02-09,?,1,14,18,21,24,26,27,28,37,40,49,51,55,59,60,66,67,72,76,77,80
7246,2021-02-10,?,2,3,6,8,10,11,18,25,26,28,31,36,42,47,55,57,59,62,70,75,80
7247,2021-02-11,?,1,2,13,23,29,33,35,37,40,48,49,50,53,56,63,69,70,73,78,79,80
7248,2021-02-12,?,4,2,5,6,8,9,14,17,20,21,25,29,31,46,47,50,53,54,65,74,78
7249,2021-02-13,?,1,18,23,24,26,34,36,39,40,45,48,49,50,55,58,64,66,67,74,76,80
7250,2021-02-14,?,2,7,10,15,16,30,32,38,40,42,44,46,48,50,52,53,62,64,67,70,72
7251,2021-02-15,?,1,2,3,15,19,21,25,33,35,40,45,46,50,51,62,63,65,67,69,73,78
7252,2021-02-16,?,3,1,2,10,14,19,21,24,27,30,31,44,47,54,58,60,62,63,66,69,72
7253,2021-02-17,?,4,3,10,15,16,28,29,30,31,33,39,42,45,46,47,48,49,55,56,59,71
7254,2021-02-18,?,1,5,7,9,10,15,18,23,30,38,40,44,45,48,49,59,60,62,69,75,78
7255,2021-02-19,?,3,3,5,8,12,13,18,22,35,41,44,48,49,51,55,57,60,61,63,67,72
7256,2021-02-20,?,4,2,12,23,27,28,29,33,37,40,42,44,45,50,53,63,68,69,71,76,80
7257,2021-02-21,?,1,1,6,8,14,20,26,28,30,31,45,50,57,59,62,64,66,67,71,75,77
7258,2021-02-22,?,1,3,13,14,16,18,23,26,27,29,30,32,34,37,42,49,52,57,58,65,79
7259,2021-02-23,?,1,3,4,10,11,12,15,20,21,25,37,40,41,48,51,52,58,72,77,78,80
7260,2021-02-24,?,1,4,10,11,17,20,30,32,39,40,48,51,53,55,56,57,65,66,68,69,73
7261,2021-02-25,?,4,4,6,14,17,19,21,24,33,37,39,45,47,49,52,58,61,64,73,77,79
7262,2021-02-26,?,2,6,7,8,12,19,20,24,26,29,36,38,39,40,47,50,56,60,71,74,78
7263,2021-02-27,?,2,1,5,12,17,19,23,27,37,38,46,52,61,63,67,70,71,72,73,74,80
7264,2021-02-28,?,1,1,8,10,17,20,23,27,30,34,36,40,48,49,60,61,62,67,70,77,79
7265,2021-03-01,?,1,2,7,12,15,19,24,26,38,45,49,52,57,58,59,63,64,65,66,70,74
7266,2021-03-02,?,2,4,10,11,21,23,25,28,32,34,36,39,40,43,49,53,59,62,65,67,74
7267,2021-03-03,?,3,1,6,7,14,19,20,25,28,34,40,43,47,53,56,62,65,73,78,79,80
7268,2021-03-04,?,2,9,16,20,24,25,29,33,34,38,40,47,63,64,68,69,72,73,74,79,80
7269,2021-03-05,?,4,1,2,3,6,11,17,30,31,34,47,50,53,59,61,64,65,73,77,78,79
7270,2021-03-06,?,1,1,5,6,7,9,11,24,25,29,35,37,38,46,48,64,66,70,71,75,77
7271,2021-03-07,?,4,1,5,6,7,9,23,24,30,35,36,39,46,48,49,50,51,52,65,75,80
7272,2021-03-08,?,1,4,8,12,16,17,20,29,33,34,38,49,51,52,61,64,66,70,71,75,80
7273,2021-03-09,?,2,6,8,9,11,22,24,28,29,34,45,48,53,55,59,62,63,69,73,75,77
7274,2021-03-10,?,1,8,10,15,18,20,23,26,27,31,41,42,44,48,54,61,66,69,70,71,72
7275,2021-03-11,?,4,2,4,5,9,14,16,18,33,37,43,44,45,46,47,48,52,61,64,69,78
7276,2021-03-12,?,1,1,2,4,7,15,19,22,23,25,32,43,52,53,55,62,64,67,69,72,78
7277,2021-03-13,?,2,8,9,11,16,18,19,23,26,32,37,38,46,47,50,52,53,55,72,75,76
7278,2021-03-14,?,2,4,5,7,12,13,22,23,26,27,28,34,41,47,49,63,66,69,75,76,79
7279,2021-03-15,?,2,9,10,11,13,16,24,28,37,38,40,46,57,58,63,67,71,72,73,74,80
7280,2021-03-16,?,1,4,16,19,22,25,26,27,32,33,36,39,42,47,49,50,59,65,67,68,78
7281,2021-03-17,?,2,1,2,4,8,19,21,23,28,30,34,37,42,43,51,59,60,64,72,74,76
7282,2021-03-18,?,4,2,4,5,12,14,18,21,22,26,27,28,34,36,50,58,60,64,65,74,79
7283,2021-03-19,?,1,5,6,13,16,20,22,23,29,30,31,36,43,48,50,53,62,67,71,73,75
7284,2021-03-20,?,3,2,10,18,21,24,25,27,31,34,38,43,49,52,53,56,61,63,66,67,69
7285,2021-03-21,?,1,2,4,8,12,13,15,27,33,36,39,46,48,52,53,54,59,66,69,71,75
7286,2021-03-22,?,2,3,12,13,14,24,25,26,33,36,42,43,46,48,51,55,56,64,65,69,77
7287,2021-03-23,?,1,15,18,22,25,28,35,36,41,47,48,55,56,57,65,67,70,71,72,75,77
7288,2021-03-24,?,4,4,5,30,33,35,38,41,42,43,45,49,51,57,58,60,64,67,68,73,80
7289,2021-03-25,?,1,3,7,14,16,18,24,27,31,32,36,48,50,55,59,60,65,66,71,77,80
7290,2021-03-26,?,4,6,7,8,10,11,20,23,25,35,38,42,43,44,46,51,60,65,69,71,73
7291,2021-03-27,?,4,11,13,14,26,29,34,36,38,40,41,44,46,49,53,55,59,62,64,68,78
7292,2021-03-28,?,2,2,4,9,14,17,21,23,32,34,44,49,51,52,54,58,68,69,76,77,80
7293,2021-03-29,?,1,1,3,5,7,8,11,14,21,27,34,35,41,43,46,50,53,57,59,62,72
7294,2021-03-30,?,1,12,14,16,18,23,24,31,32,37,42,44,47,51,52,57,59,69,70,71,75
7295,2021-03-31,?,4,6,9,10,16,20,21,24,26,28,35,38,51,53,56,59,66,67,70,78,80
7296,2021-04-01,?,2,6,8,13,14,15,17,18,20,24,25,38,43,46,57,62,66,70,72,74,75
7297,2021-04-02,?,3,2,4,6,7,10,15,16,17,23,27,28,41,43,45,49,52,57,72,73,78
7298,2021-04-03,?,2,1,2,3,7,12,14,18,19,22,23,29,37,39,45,50,54,59,64,73,76
7299,2021-04-04,?,1,3,5,6,10,13,22,30,37,45,47,51,52,63,64,65,66,71,75,76,78
7300,2021-04-05,?,4,3,4,5,6,8,12,16,17,18,20,28,32,43,50,51,55,65,72,74,80
7301,2021-04-06,?,2,1,22,26,30,33,35,46,49,50,51,52,55,56,59,60,67,71,74,77,80
7302,2021-04-07,?,4,4,5,12,14,15,18,19,24,32,39,48,49,51,53,54,56,59,61,67,73
7303,2021-04-08,?,1,2,7,8,15,19,23,25,27,29,30,34,42,49,53,58,59,61,63,66,76
7304,2021-04-09,?,1,1,3,6,15,17,18,21,28,41,42,45,51,54,55,57,59,62,69,71,75
7305,2021-04-10,?,4,4,5,17,18,22,28,44,51,56,59,61,65,67,68,69,72,73,76,77,79
7306,2021-04-11,?,3,4,18,26,27,29,33,37,42,49,53,54,55,58,59,60,66,68,70,75,77
7307,2021-04-12,?,4,10,11,13,16,19,21,29,31,32,34,35,37,41,46,49,52,55,56,62,73
7308,2021-04-13,?,2,8,12,14,16,24,27,29,33,41,44,45,51,58,59,60,62,64,74,77,79
7309,2021-04-14,?,2,1,7,8,9,12,17,24,30,32,33,34,37,42,45,46,47,52,64,75,79
7310,2021-04-15,?,3,9,12,15,22,25,34,35,36,44,46,48,53,57,64,65,66,70,75,79,80
7311,2021-04-16,?,1,3,4,9,11,20,25,26,30,32,40,42,43,47,50,54,58,72,74,79,80
7312,2021-04-17,?,4,3,6,8,10,15,24,26,30,31,37,41,43,44,49,56,58,63,66,74,76
7313,2021-04-18,?,4,3,4,5,15,18,19,20,21,30,38,40,42,48,54,62,69,70,74,77,79
7314,2021-04-19,?,1,3,5,6,25,26,28,29,40,42,50,57,60,65,66,69,70,72,73,75,79
7315,2021-04-20,?,2,2,9,16,17,22,24,25,26,28,29,30,32,34,41,43,44,57,68,69,79
7316,2021-04-21,?,3,3,6,11,21,22,28,30,34,37,41,47,48,51,53,54,60,69,71,72,77
7317,2021-04-22,?,2,6,8,10,13,17,22,29,41,46,47,48,52,54,55,57,60,62,63,69,77
7318,2021-04-23,?,3,3,11,20,21,23,35,44,47,49,53,54,57,59,68,69,70,72,75,76,80
7319,2021-04-24,?,2,5,8,13,14,17,21,22,25,27,38,40,45,49,52,53,59,61,64,65,73
7320,2021-04-25,?,3,1,3,5,8,13,14,15,23,25,27,33,35,45,46,47,57,58,62,73,79
7321,2021-04-26,?,2,9,13,16,18,19,20,22,25,26,28,33,40,46,47,50,52,53,67,75,76
7322,2021-04-27,?,3,2,3,11,12,19,22,25,27,45,49,53,55,56,58,60,62,73,75,77,80
7323,2021-04-28,?,3,3,5,13,15,17,24,27,28,29,30,35,47,48,49,51,52,59,67,74,78
7324,2021-04-29,?,4,1,3,7,17,19,21,22,24,40,52,55,60,62,65,66,68,70,74,75,80
7325,2021-04-30,?,3,1,2,4,8,16,27,32,40,41,44,47,48,56,57,65,66,68,69,70,72
7326,2021-05-01,?,4,3,10,15,16,17,26,27,29,38,40,42,43,45,47,50,55,65,72,75,77
7327,2021-05-02,?,2,6,11,16,24,29,30,33,35,36,46,50,55,59,61,68,70,71,74,77,78
7328,2021-05-03,?,4,2,13,14,17,21,30,34,40,42,49,53,55,56,57,58,59,61,78,79,80
7329,2021-05-04,?,1,4,7,20,24,25,27,29,30,33,37,40,43,45,50,58,59,60,62,67,74
7330,2021-05-05,?,4,4,5,7,8,13,17,21,22,27,28,30,32,42,45,50,64,73,78,79,80
7331,2021-05-06,?,1,3,10,15,23,24,25,26,32,40,41,43,48,55,57,60,62,70,72,78,80
7332,2021-05-07,?,2,5,15,17,19,20,21,25,28,29,33,34,39,46,53,60,71,72,74,76,80
7333,2021-05-08,?,4,10,15,19,28,34,35,40,42,48,51,52,55,56,58,66,67,68,70,78,80
7334,2021-05-09,?,2,2,4,8,9,12,19,21,22,24,27,28,32,41,42,55,66,69,75,78,79
7335,2021-05-10,?,2,11,15,21,22,25,31,39,42,43,45,49,51,52,58,60,66,69,74,76,80
7336,2021-05-11,?,1,1,8,12,13,19,28,29,31,37,38,41,45,46,48,55,64,66,73,74,79
7337,2021-05-12,?,2,6,13,21,22,23,26,29,30,40,42,44,47,49,52,53,58,65,66,67,76
7338,2021-05-13,?,3,6,7,9,11,24,25,28,29,33,36,43,44,45,49,54,59,60,64,65,80
7339,2021-05-14,?,4,1,2,12,16,17,19,22,33,41,49,50,55,60,62,63,64,67,69,73,78
7340,2021-05-15,?,1,1,2,6,8,9,21,22,25,30,32,34,44,48,57,59,62,66,69,73,78
7341,2021-05-16,?,4,1,7,9,15,19,22,23,27,28,34,36,42,48,50,53,55,60,62,64,71
7342,2021-05-17,?,2,2,9,19,22,25,28,30,31,33,34,35,36,61,64,66,68,71,76,77,79
7343,2021-05-18,?,2,2,8,12,14,20,29,31,39,42,44,48,53,55,58,61,69,70,73,79,80
7344,2021-05-19,?,3,3,16,17,25,26,28,30,31,39,41,44,49,51,59,65,69,70,74,77,80
7345,2021-05-20,?,2,4,7,14,16,27,28,31,39,41,43,46,51,53,54,56,57,58,63,66,73
7346,2021-05-21,?,3,1,9,15,23,24,26,28,34,36,37,39,43,45,47,57,59,66,68,78,79
7347,2021-05-22,?,3,3,4,7,10,12,18,28,30,34,36,41,44,46,60,61,63,64,67,72,76
7348,2021-05-23,?,3,1,2,3,6,8,10,14,18,20,24,30,36,41,46,49,50,52,54,60,67
7349,2021-05-24,?,2,1,4,5,12,13,22,28,29,32,35,36,37,43,56,59,65,67,69,75,77
7350,2021-05-25,?,2,1,3,6,13,14,16,22,23,24,35,54,56,57,60,62,65,71,73,75,78
7351,2021-05-26,?,1,1,7,10,11,12,14,22,29,32,33,34,38,39,40,46,54,57,66,72,78
7352,2021-05-27,?,3,2,5,7,8,10,21,22,26,29,30,34,36,38,39,45,52,58,73,74,75
7353,2021-05-28,?,2,8,9,17,20,21,30,39,51,55,56,58,59,62,63,65,67,68,73,75,76
7354,2021-05-29,?,2,2,9,10,13,14,15,16,17,22,24,27,28,30,32,40,44,51,65,77,79
7355,2021-05-30,?,4,5,15,29,31,36,38,39,48,49,50,52,58,60,61,63,65,68,73,75,77
7356,2021-05-31,?,1,2,5,11,13,14,18,23,27,35,36,38,41,45,47,49,56,58,64,67,78
7357,2021-06-01,?,2,3,8,11,16,17,21,26,31,36,44,48,49,50,54,57,63,70,75,76,79
7358,2021-06-02,?,4,4,5,6,11,14,16,19,20,25,30,36,38,44,46,64,65,69,73,75,76
7359,2021-06-03,?,2,2,4,5,11,13,18,29,30,34,43,45,55,57,59,61,67,68,70,72,80
7360,2021-06-04,?,2,1,3,4,5,6,11,22,28,34,39,41,44,47,49,52,53,56,60,69,74
7361,2021-06-05,?,1,5,9,11,12,20,24,25,29,36,41,52,58,62,65,66,67,70,72,76,80
7362,2021-06-06,?,1,1,6,12,15,19,26,28,35,43,44,47,48,51,55,62,65,66,68,71,75
7363,2021-06-07,?,4,5,7,13,14,16,21,25,30,39,40,48,52,55,61,63,65,71,73,74,76
7364,2021-06-08,?,3,1,6,7,8,11,12,13,15,19,22,24,28,37,40,41,51,60,64,72,75
7365,2021-06-09,?,3,4,5,8,10,16,17,19,23,31,42,43,47,54,55,56,64,65,75,79,80
7366,2021-06-10,?,1,2,5,7,16,20,25,26,27,31,34,39,40,48,50,58,59,68,69,73,80
7367,2021-06-11,?,1,3,10,11,16,20,21,22,23,25,30,32,46,51,58,61,65,67,71,76,77
7368,2021-06-12,?,4,8,16,22,35,38,40,41,42,44,46,48,51,54,56,57,59,60,68,75,79
7369,2021-06-13,?,4,3,9,14,18,26,33,44,46,53,58,61,63,64,67,69,70,72,73,75,78
7370,2021-06-14,?,2,2,5,6,11,14,15,17,18,28,30,40,41,50,57,63,66,67,74,76,78
7371,2021-06-15,?,3,1,5,12,15,17,20,21,23,40,49,51,61,64,68,69,76,77,78,79,80
7372,2021-06-16,?,3,1,7,10,18,19,23,33,35,36,39,41,43,45,46,53,60,66,69,70,78
7373,2021-06-17,?,4,1,3,11,22,30,31,36,37,40,44,46,49,51,54,56,62,68,69,70,75
7374,2021-06-18,?,3,7,22,24,25,27,28,29,30,32,44,46,47,58,61,62,73,74,77,79,80
7375,2021-06-19,?,2,3,6,8,11,16,19,22,30,34,43,49,51,59,60,65,66,69,71,76,77
7376,2021-06-20,?,4,4,11,12,13,16,17,21,24,33,37,39,44,48,51,54,70,72,73,76,77
7377,2021-06-21,?,1,3,6,8,9,20,21,25,26,27,34,37,51,54,63,64,67,68,71,77,78
7378,2021-06-22,?,2,1,2,5,6,7,20,21,23,25,26,28,48,49,55,60,64,65,74,76,77
7379,2021-06-23,?,1,3,12,17,20,22,30,31,34,37,40,41,49,50,51,55,58,61,66,79,80
7380,2021-06-24,?,3,1,2,3,4,8,16,25,29,37,38,39,40,42,48,50,64,67,69,72,75
7381,2021-06-25,?,2,2,3,5,8,12,16,27,29,31,32,35,37,40,45,49,53,55,68,71,80
7382,2021-06-26,?,2,1,4,7,12,14,18,21,22,24,28,35,38,41,53,57,58,66,67,68,77
7383,2021-06-27,?,3,2,4,7,9,12,22,25,30,35,38,42,45,50,54,58,59,73,75,79,80
7384,2021-06-28,?,4,3,11,12,13,14,17,18,20,25,26,28,29,31,37,51,55,67,68,70,75
7385,2021-06-29,?,2,1,6,11,14,18,21,27,29,38,39,44,45,50,51,54,65,69,72,75,76
7386,2021-06-30,?,2,1,3,6,9,12,17,23,25,42,57,60,61,62,66,69,71,75,76,77,80
7387,2021-07-01,?,1,7,8,9,17,22,24,26,28,32,37,41,51,58,63,65,67,70,73,75,76
7388,2021-07-02,?,4,6,7,9,14,16,20,25,28,30,31,34,42,46,48,66,67,70,71,73,78
7389,2021-07-03,?,4,6,8,14,15,16,17,25,30,39,41,49,51,55,60,61,63,65,68,71,74
7390,2021-07-04,?,1,2,5,9,10,15,19,21,22,23,26,29,33,39,48,54,58,59,62,65,68
7391,2021-07-05,?,1,9,10,16,17,27,29,33,37,44,48,49,50,54,63,70,71,72,73,78,79
7392,2021-07-06,?,2,3,7,12,13,17,19,23,31,33,35,40,45,52,53,54,60,63,67,70,76
7393,2021-07-07,?,1,4,5,13,16,18,23,26,31,35,37,41,47,62,63,64,67,72,73,74,78
7394,2021-07-08,?,1,1,15,16,23,27,29,46,52,57,59,60,63,64,65,66,67,68,72,76,78
7395,2021-07-09,?,3,2,11,14,15,18,19,28,30,32,33,34,39,46,54,64,65,66,67,70,79
7396,2021-07-10,?,1,1,6,11,18,19,21,25,27,34,42,46,49,51,57,58,65,72,75,77,78
7397,2021-07-11,?,2,1,16,17,18,19,25,31,33,36,41,46,48,51,57,61,62,68,71,74,79
7398,2021-07-12,?,2,2,4,8,17,22,27,28,31,32,36,39,41,48,51,56,59,63,66,68,70
7399,2021-07-13,?,1,4,11,18,19,20,25,33,35,36,50,54,55,59,63,68,69,70,71,76,80
7400,2021-07-14,?,2,7,9,12,16,21,27,36,37,40,44,46,47,48,57,62,67,68,71,75,80
7401,2021-07-15,?,4,8,9,15,22,28,30,33,34,40,44,47,53,55,63,65,66,73,75,77,78
7402,2021-07-16,?,2,5,9,11,14,20,21,31,34,38,43,44,50,54,56,57,62,63,65,72,80
7403,2021-07-17,?,1,1,2,5,8,14,18,22,24,31,32,33,40,43,49,50,52,61,63,74,78
7404,2021-07-18,?,1,2,12,13,16,22,23,27,40,42,43,45,49,52,53,56,59,62,70,72,76
7405,2021-07-19,?,4,6,16,20,24,25,28,29,30,31,32,44,54,58,59,63,65,69,74,76,78
7406,2021-07-20,?,4,4,8,13,16,19,22,23,24,25,31,42,46,49,50,51,57,58,61,67,72
7407,2021-07-21,?,3,3,6,7,9,10,13,16,18,19,25,29,35,41,45,46,58,70,71,75,76
7408,2021-07-22,?,1,6,8,9,14,20,27,30,32,33,41,45,48,51,55,56,63,66,70,74,76
7409,2021-07-23,?,2,2,3,4,9,14,20,25,29,34,38,40,45,46,51,52,56,58,60,73,76
7410,2021-07-24,?,2,5,8,9,10,12,14,16,22,25,34,37,39,40,42,47,50,52,69,71,76
7411,2021-07-25,?,4,2,3,7,12,14,15,16,17,24,27,37,38,39,42,45,51,59,71,77,78
7412,2021-07-26,?,3,8,16,18,19,20,22,23,26,30,34,43,54,55,56,60,62,64,68,77,80
7413,2021-07-27,?,2,10,13,29,30,34,40,42,47,49,51,52,56,58,62,63,67,69,73,76,79
7414,2021-07-28,?,3,3,17,30,33,38,41,44,47,48,51,56,58,62,64,68,71,72,74,77,79
7415,2021-07-29,?,3,8,9,10,16,17,23,24,26,27,30,32,33,48,50,53,54,60,68,71,80
7416,2021-07-30,?,1,3,6,7,14,20,21,25,30,45,50,51,57,58,60,62,64,66,67,71,78
7417,2021-07-31,?,4,2,4,9,10,18,24,30,35,42,44,47,50,51,52,55,56,60,69,74,75
7418,2021-08-01,?,1,1,3,4,10,11,16,18,29,32,34,37,40,55,57,59,61,63,64,76,77
7419,2021-08-02,?,2,3,4,8,10,14,15,19,28,37,38,44,48,56,62,64,66,68,74,75,77
7420,2021-08-03,?,2,6,9,10,19,25,28,36,37,40,51,52,55,63,64,65,68,70,75,76,80
7421,2021-08-04,?,4,4,11,20,23,26,30,32,33,37,44,45,52,55,59,62,67,69,70,74,77
7422,2021-08-05,?,1,4,6,16,26,27,35,37,44,45,48,49,53,55,57,59,61,62,64,65,66
7423,2021-08-06,?,4,9,10,11,13,14,17,23,32,33,39,43,44,47,48,50,56,62,68,72,78
7424,2021-08-07,?,1,2,6,8,9,15,20,22,30,32,35,37,40,41,48,52,56,66,71,73,76
7425,2021-08-08,?,2,1,4,10,14,19,26,27,30,45,46,58,59,61,63,64,67,68,70,74,80
7426,2021-08-09,?,4,2,3,7,9,15,19,22,25,31,34,38,39,41,42,48,60,69,74,76,80
7427,2021-08-10,?,4,2,5,11,14,18,22,29,32,34,44,46,51,59,60,61,62,63,64,65,69
7428,2021-08-11,?,3,1,7,12,20,23,26,27,32,36,38,40,48,58,62,65,67,70,73,74,76
7429,2021-08-12,?,1,1,6,7,11,19,26,31,33,39,42,47,49,53,55,57,65,66,69,70,71
7430,2021-08-13,?,1,7,9,17,20,21,36,38,39,41,42,46,47,51,55,56,59,67,70,79,80
7431,2021-08-14,?,4,5,7,11,13,15,19,20,25,27,28,29,37,41,42,45,47,51,53,55,72
7432,2021-08-15,?,1,1,3,5,9,14,17,19,21,22,27,31,35,40,42,46,53,57,58,72,75
7433,2021-08-16,?,4,2,3,10,12,14,17,18,20,26,35,38,42,45,47,53,54,67,73,78,79
7434,2021-08-17,?,3,1,2,3,4,6,7,23,27,29,32,35,37,48,50,52,55,61,68,71,79
7435,2021-08-18,?,4,1,2,6,25,26,31,35,36,37,45,50,51,52,55,56,66,69,70,71,80
7436,2021-08-19,?,2,6,12,13,18,21,25,33,34,35,38,41,42,47,55,56,62,65,70,77,79
7437,2021-08-20,?,2,6,8,10,12,13,20,27,29,31,35,40,41,42,46,48,57,61,63,65,72
7438,2021-08-21,?,2,2,6,10,13,17,18,26,37,38,47,48,49,51,53,62,70,72,73,74,77
7439,2021-08-22,?,3,1,2,9,11,16,18,28,36,40,41,43,45,49,51,55,61,64,72,77,80
7440,2021-08-23,?,3,4,5,6,8,14,15,16,17,24,26,34,35,40,42,47,52,56,67,69,75
7441,2021-08-24,?,3,1,4,8,18,19,27,37,38,39,43,44,45,48,52,53,56,58,64,66,73
7442,2021-08-25,?,2,1,3,7,14,19,21,25,28,31,32,41,44,48,52,53,63,66,70,77,80
7443,2021-08-26,?,3,1,2,3,9,13,17,29,30,36,50,52,64,65,66,67,70,72,74,76,77
7444,2021-08-27,?,3,2,3,5,6,13,14,17,22,25,35,37,42,43,53,55,56,59,72,73,78
7445,2021-08-28,?,1,1,10,17,18,24,29,35,36,41,43,47,51,54,55,60,69,72,74,76,80
7446,2021-08-29,?,3,4,10,11,13,16,18,26,29,30,35,44,50,57,60,66,68,71,72,74,80
7447,2021-08-30,?,1,2,8,14,18,19,22,35,46,47,50,52,54,57,58,59,67,72,73,76,77
7448,2021-08-31,?,4,2,3,5,7,10,14,16,23,24,33,35,46,47,53,66,67,68,71,74,79
7449,2021-09-01,?,3,4,5,6,8,11,12,14,20,23,28,37,40,43,53,58,67,71,72,76,80
7450,2021-09-02,?,1,2,5,7,10,11,12,17,18,19,25,29,30,31,34,36,40,54,61,75,78
7451,2021-09-03,?,2,2,5,6,8,9,16,19,21,23,25,26,29,30,32,43,51,60,63,73,74
7452,2021-09-04,?,4,7,14,15,17,21,22,28,29,35,41,45,52,54,55,57,62,63,66,76,79
7453,2021-09-05,?,4,3,9,10,11,16,20,22,26,33,34,36,38,41,43,46,47,59,61,72,80
7454,2021-09-06,?,1,1,3,8,11,13,18,26,30,56,57,60,61,63,69,71,72,74,75,76,80
7455,2021-09-07,?,2,5,10,12,15,26,33,36,45,52,55,59,60,66,68,70,71,75,76,78,80
7456,2021-09-08,?,2,1,15,18,19,22,26,35,38,41,43,46,48,49,51,59,61,65,69,72,75
7457,2021-09-09,?,1,12,14,15,20,21,25,35,36,42,44,48,56,59,61,63,66,74,75,78,79
7458,2021-09-10,?,4,5,6,11,16,21,22,27,30,31,32,45,51,59,63,64,68,69,70,74,78
7459,2021-09-11,?,4,3,4,7,9,13,21,25,26,29,42,45,48,59,63,65,66,70,72,79,80
7460,2021-09-12,?,3,6,8,13,14,17,20,29,30,32,35,52,55,56,57,68,70,72,75,78,79
7461,2021-09-13,?,3,1,3,6,7,8,9,10,14,28,29,30,46,48,53,54,60,70,71,76,80
7462,2021-09-14,?,4,8,18,19,20,28,32,36,39,40,47,50,53,60,63,66,70,72,74,76,78
7463,2021-09-15,?,1,3,4,14,16,17,20,27,33,35,37,41,43,51,56,60,63,68,73,74,76
7464,2021-09-16,?,1,8,9,10,28,31,41,45,46,48,50,51,52,53,55,56,58,61,64,71,77
7465,2021-09-17,?,3,1,7,13,17,19,20,22,31,34,39,40,42,46,50,62,65,67,72,73,75
7466,2021-09-18,?,1,5,6,13,14,15,16,19,20,28,30,31,32,45,48,49,55,59,67,69,75
7467,2021-09-19,?,3,2,5,6,12,15,33,34,35,36,40,44,47,53,58,61,62,63,71,72,73
7468,2021-09-20,?,1,1,4,7,9,10,14,25,31,32,36,38,44,48,49,51,52,62,64,66,74
7469,2021-09-21,?,2,1,8,10,12,19,22,24,25,26,28,39,40,45,52,54,56,57,62,71,75
7470,2021-09-22,?,4,1,2,3,9,13,14,18,24,27,28,34,36,42,44,48,50,53,58,74,77
7471,2021-09-23,?,2,2,4,19,28,32,33,35,42,44,47,50,51,58,60,66,69,74,75,76,79
7472,2021-09-24,?,3,2,12,14,16,18,20,28,31,34,41,42,45,47,49,50,53,60,62,71,79
7473,2021-09-25,?,2,1,3,9,13,15,18,21,24,25,27,29,32,44,45,57,62,68,69,70,73
7474,2021-09-26,?,3,1,3,5,9,10,11,15,24,29,33,36,38,43,48,51,55,62,65,70,76
7475,2021-09-27,?,2,3,4,16,19,30,41,42,43,45,47,49,51,55,56,57,62,67,71,74,76
7476,2021-09-28,?,3,3,4,9,14,24,33,35,37,44,47,48,52,57,59,61,63,67,69,72,78
7477,2021-09-29,?,4,5,9,12,14,26,29,30,33,37,43,46,48,53,56,57,62,67,75,76,78
7478,2021-09-30,?,4,7,13,14,21,24,27,30,33,39,40,48,50,56,58,60,62,73,74,75,76
7479,2021-10-01,?,3,3,6,13,18,19,20,21,22,24,31,33,40,44,45,47,53,58,67,69,73
7480,2021-10-02,?,1,2,4,5,14,24,30,32,39,41,47,48,49,53,54,65,66,68,70,73,77
7481,2021-10-03,?,4,5,10,13,17,22,25,31,35,37,41,45,46,47,51,56,63,69,72,74,77
7482,2021-10-04,?,4,2,3,5,6,13,15,23,31,32,34,35,38,41,43,47,50,54,58,61,65
7483,2021-10-05,?,3,1,4,5,6,8,16,23,25,26,30,45,46,47,48,57,58,61,63,68,69
7484,2021-10-06,?,1,7,9,11,18,21,23,27,31,33,35,42,53,55,57,58,59,63,70,72,80
7485,2021-10-07,?,4,1,4,10,11,13,16,17,18,19,20,21,24,31,33,34,35,52,65,78,80
7486,2021-10-08,?,4,6,10,15,17,19,22,30,36,37,38,41,42,44,51,54,67,68,72,74,78
7487,2021-10-09,?,1,1,14,15,16,22,23,24,27,30,32,35,39,41,47,48,51,52,57,60,80
7488,2021-10-10,?,3,2,4,12,14,18,22,31,33,36,38,43,45,49,56,57,60,63,75,76,79
7489,2021-10-11,?,1,2,7,10,14,16,19,22,25,27,37,38,39,46,49,53,59,61,63,71,72
7490,2021-10-12,?,1,3,13,14,17,18,20,21,22,23,32,41,42,44,47,51,56,61,64,66,75
7491,2021-10-13,?,1,11,13,24,27,31,33,35,40,47,49,55,56,57,67,68,70,74,77,78,80
7492,2021-10-14,?,3,3,5,9,19,23,29,32,34,36,37,38,40,44,47,59,66,72,77,79,80
7493,2021-10-15,?,1,1,8,10,11,12,19,21,24,27,29,31,33,34,37,40,48,49,54,69,75
7494,2021-10-16,?,4,1,7,18,19,24,32,33,36,39,44,45,46,53,64,66,67,70,72,78,79
7495,2021-10-17,?,3,1,8,9,10,11,22,25,29,33,34,35,43,51,57,63,67,70,73,76,79
7496,2021-10-18,?,3,1,2,3,7,12,13,14,27,30,34,36,44,54,56,60,62,65,66,67,72
7497,2021-10-19,?,3,4,10,11,17,20,24,29,32,35,39,48,52,56,61,62,64,67,74,76,79
7498,2021-10-20,?,1,9,11,13,18,19,26,27,28,34,41,42,56,59,61,62,64,69,70,72,78
7499,2021-10-21,?,4,2,5,6,7,8,14,16,17,23,25,32,38,41,45,56,61,66,71,78,79
7500,2021-10-22,?,2,4,6,10,12,14,17,18,20,29,31,32,38,43,56,60,62,67,71,74,79
7501,2021-10-23,?,4,9,10,12,13,15,17,35,42,43,45,46,55,57,59,61,63,65,67,70,80
7502,2021-10-24,?,2,2,3,6,9,13,14,22,25,29,36,37,48,59,62,65,67,70,74,76,77
7503,2021-10-25,?,3,3,8,10,12,16,27,38,42,47,49,50,57,61,62,64,67,68,69,74,75
7504,2021-10-26,?,1,1,10,13,14,23,24,26,29,31,36,37,38,44,45,56,58,64,70,77,79
7505,2021-10-27,?,1,2,3,17,18,22,23,26,27,34,36,38,39,43,45,49,57,62,63,73,76
7506,2021-10-28,?,3,1,2,3,4,7,8,16,19,20,24,28,31,33,52,53,54,59,60,64,78
7507,2021-10-29,?,1,8,9,11,12,16,17,18,23,28,36,41,46,47,52,59,61,66,67,71,75
7508,2021-10-30,?,2,1,2,3,7,8,10,18,26,27,28,32,35,44,54,57,62,64,65,68,74
7509,2021-10-31,?,1,4,13,17,20,21,22,23,25,28,37,43,44,45,56,60,64,67,68,69,74
7510,2021-11-01,?,2,7,10,13,18,20,21,28,31,34,35,48,49,56,61,62,65,71,75,77,78
7511,2021-11-02,?,2,2,5,10,12,13,14,15,26,29,36,39,46,47,49,50,53,55,65,66,75
7512,2021-11-03,?,3,2,3,7,14,24,27,31,33,36,40,42,43,53,59,60,66,75,76,78,80
7513,2021-11-04,?,3,3,6,12,13,14,17,20,27,35,36,39,41,43,45,49,51,52,63,78,80
7514,2021-11-05,?,3,5,12,15,18,19,21,22,27,28,36,44,51,53,61,62,63,73,74,77,80
7515,2021-11-06,?,1,8,17,20,21,26,32,34,36,38,41,53,58,62,63,64,65,70,71,74,76
7516,2021-11-07,?,2,7,11,19,21,25,32,36,46,49,51,54,55,57,61,63,68,70,75,77,78
7517,2021-11-08,?,3,4,6,14,16,21,22,24,28,37,47,48,52,59,60,61,63,65,71,75,78
7518,2021-11-09,?,4,9,10,14,18,22,23,25,30,32,33,34,36,37,42,43,50,52,74,75,76
7519,2021-11-10,?,1,1,2,7,10,11,14,15,28,36,37,40,42,44,53,57,58,62,63,65,68
7520,2021-11-11,?,3,4,5,6,8,10,12,16,21,24,28,37,39,47,51,56,59,67,68,73,78
7521,2021-11-12,?,1,1,3,13,14,16,25,26,30,32,37,43,45,46,49,50,59,72,73,76,77
7522,2021-11-13,?,1,6,11,12,15,20,21,29,31,36,45,49,53,54,55,56,60,67,68,75,77
7523,2021-11-14,?,3,5,11,12,16,23,24,36,38,39,41,44,45,46,48,57,58,59,62,64,73
7524,2021-11-15,?,4,3,5,8,19,24,27,28,29,34,44,45,46,47,53,59,63,64,67,68,76
7525,2021-11-16,?,4,3,4,11,12,16,17,18,26,28,30,34,35,37,38,39,44,58,63,68,80
7526,2021-11-17,?,3,1,5,12,17,23,25,26,31,33,35,36,40,48,49,55,57,59,64,66,75
7527,2021-11-18,?,1,8,12,23,24,25,26,36,38,39,40,41,42,43,48,50,53,61,64,72,80
7528,2021-11-19,?,3,2,3,8,10,12,13,21,22,24,28,31,32,34,37,53,60,71,73,75,78
7529,2021-11-20,?,2,1,2,3,7,8,17,19,22,32,33,37,42,43,46,47,58,60,66,71,80
7530,2021-11-21,?,3,8,9,13,15,19,21,23,28,35,41,42,43,46,49,52,58,65,70,74,75
7531,2021-11-22,?,1,2,4,7,19,20,23,25,26,29,39,41,42,44,47,49,53,54,57,72,74
7532,2021-11-23,?,4,5,17,19,21,28,32,37,39,40,43,46,51,52,54,62,65,66,67,68,77
7533,2021-11-24,?,1,8,9,10,16,21,23,26,29,30,32,35,38,40,50,57,59,63,66,68,76
7534,2021-11-25,?,2,2,4,7,9,11,17,23,26,29,32,34,43,44,62,64,68,69,76,79,80
7535,2021-11-26,?,4,1,3,6,13,18,23,24,33,38,40,41,42,45,51,56,63,69,70,75,80
7536,2021-11-27,?,4,1,7,9,12,13,14,21,25,27,33,34,38,49,53,62,64,68,69,75,76
7537,2021-11-28,?,3,9,13,17,22,23,27,29,50,55,59,60,61,66,67,69,71,72,73,77,78
7538,2021-11-29,?,2,1,5,9,11,12,20,21,29,30,31,32,39,45,46,53,60,61,65,76,80
7539,2021-11-30,?,4,3,4,11,15,19,21,22,24,27,29,30,32,41,51,53,55,58,59,66,73
7540,2021-12-01,?,3,9,16,18,25,26,27,29,30,31,33,44,46,52,56,61,63,67,70,76,78
7541,2021-12-02,?,4,8,12,13,14,19,23,30,31,36,42,45,55,56,57,62,69,70,74,77,79
7542,2021-12-03,?,1,2,5,6,7,11,14,19,24,26,35,43,44,47,51,55,64,66,71,73,78
7543,2021-12-04,?,1,10,12,13,15,16,18,22,28,30,31,33,38,53,55,57,63,64,67,71,80
7544,2021-12-05,?,4,6,9,17,20,25,27,28,29,33,42,43,48,49,53,59,60,63,65,73,74
7545,2021-12-06,?,4,11,20,24,25,27,34,35,45,47,48,50,51,52,58,60,66,68,69,70,72
7546,2021-12-07,?,2,1,3,6,7,28,29,34,36,37,41,53,55,56,57,63,68,69,71,75,79
7547,2021-12-08,?,3,3,4,5,11,15,21,32,36,42,43,49,57,58,59,61,62,67,72,73,80
7548,2021-12-09,?,3,2,5,7,9,11,12,20,35,36,39,50,51,52,53,57,59,64,67,72,76
7549,2021-12-10,?,3,7,8,10,13,19,27,33,35,38,46,51,52,59,66,67,70,73,77,79,80
7550,2021-12-11,?,2,3,14,21,22,25,26,28,35,37,39,43,44,49,55,56,64,66,77,78,80
7551,2021-12-12,?,4,1,2,10,20,22,24,25,27,34,41,42,52,53,56,59,68,69,71,78,80
7552,2021-12-13,?,3,15,18,19,20,24,25,27,28,32,34,38,43,49,59,65,66,67,76,77,79
7553,2021-12-14,?,4,6,14,20,21,26,28,32,36,38,40,49,51,56,57,65,74,75,76,77,79
7554,2021-12-15,?,4,4,7,8,11,13,16,25,29,32,35,37,40,41,44,46,49,50,68,70,71
7555,2021-12-16,?,4,3,4,5,6,11,13,14,16,24,43,45,48,54,56,65,67,73,76,77,79
7556,2021-12-17,?,4,3,4,5,10,15,16,20,22,25,27,36,43,48,59,61,68,69,70,72,74
7557,2021-12-18,?,1,2,4,8,11,17,24,32,39,40,41,46,47,54,67,69,71,72,73,75,80
7558,2021-12-19,?,1,4,10,17,19,20,27,28,32,33,48,52,54,56,58,66,69,70,71,76,79
7559,2021-12-20,?,1,1,2,6,7,9,13,21,31,34,48,50,51,52,53,65,66,67,69,76,80
7560,2021-12-21,?,4,2,6,8,12,14,18,22,24,25,33,35,37,41,47,49,57,63,68,77,79
7561,2021-12-22,?,4,2,3,5,7,8,9,11,16,28,30,34,38,40,43,52,56,61,73,78,80
7562,2021-12-23,?,4,9,17,20,23,25,32,35,39,41,44,46,48,51,59,60,61,62,63,64,68
7563,2021-12-24,?,1,3,4,6,7,14,16,21,24,27,29,38,39,44,46,47,52,64,66,73,80
7564,2021-12-25,?,1,7,16,22,25,26,28,30,33,38,40,41,43,51,57,59,61,64,66,68,78
7565,2021-12-26,?,4,3,6,7,8,17,18,33,37,41,42,51,54,60,63,64,67,68,70,78,80
7566,2021-12-27,?,1,2,4,5,9,10,14,16,19,24,42,45,47,53,54,56,61,62,66,73,74
7567,2021-12-28,?,4,2,3,10,14,17,22,25,31,36,43,46,49,50,56,60,67,69,72,76,78
7568,2021-12-29,?,2,2,7,13,14,16,17,21,23,28,36,38,42,43,53,56,59,71,74,78,79
7569,2021-12-30,?,1,2,12,19,21,28,34,38,41,42,44,50,51,56,62,66,69,70,71,75,77
7570,2021-12-31,?,1,1,11,14,16,17,18,20,24,25,26,28,32,33,42,44,49,59,64,76,80
7571,2022-01-01,?,4,1,4,5,6,12,13,15,23,32,36,37,38,42,44,45,49,60,63,68,76
7572,2022-01-02,?,3,2,6,10,18,19,24,25,27,32,33,34,36,40,43,47,50,51,58,62,74
7573,2022-01-03,?,3,3,6,7,8,10,17,21,33,39,42,46,48,49,51,52,60,61,69,72,76
7574,2022-01-04,?,1,16,19,26,27,33,37,38,39,43,47,48,49,51,54,56,64,69,71,73,75
7575,2022-01-05,?,4,6,7,8,12,18,22,23,27,33,43,46,47,49,59,65,66,71,72,73,75
7576,2022-01-06,?,3,1,3,9,13,28,32,34,45,46,51,52,55,56,58,60,63,67,78,79,80
7577,2022-01-07,?,3,1,2,7,8,19,21,22,23,28,30,37,43,44,48,49,56,59,66,72,78
7578,2022-01-08,?,3,1,3,5,8,11,19,21,29,34,36,38,42,43,47,60,69,72,73,74,76
7579,2022-01-09,?,3,1,4,6,12,16,18,20,21,24,28,48,49,53,56,59,60,62,70,72,75
7580,2022-01-10,?,4,1,8,9,14,18,21,25,26,29,33,38,44,51,53,54,58,64,71,73,74
7581,2022-01-11,?,1,1,3,8,10,17,18,27,34,35,36,40,43,48,54,57,58,68,69,74,80
7582,2022-01-12,?,2,14,17,24,30,34,38,41,42,48,50,51,52,54,58,62,64,65,68,69,79
7583,2022-01-13,?,1,1,9,11,18,20,30,33,35,38,45,47,48,54,56,59,65,67,70,78,79
7584,2022-01-14,?,1,2,5,9,14,20,35,38,42,48,51,53,59,60,64,69,70,73,75,78,79
7585,2022-01-15,?,4,4,5,11,13,14,18,19,20,21,27,31,50,57,58,61,64,67,73,74,75
7586,2022-01-16,?,3,2,4,10,15,16,23,25,30,35,38,47,48,52,53,58,59,69,71,78,80
7587,2022-01-17,?,1,1,6,7,9,23,26,29,32,38,41,44,47,51,62,66,70,71,72,76,79
7588,2022-01-18,?,1,12,20,29,31,34,36,39,40,41,44,45,46,50,54,61,63,70,75,76,80
7589,2022-01-19,?,1,3,7,18,20,21,23,26,29,32,34,36,41,47,51,56,72,74,77,79,80
7590,2022-01-20,?,4,3,12,16,23,31,36,37,38,40,44,46,49,50,55,56,64,70,73,77,79
7591,2022-01-21,?,3,2,3,7,8,14,18,21,23,30,32,35,36,44,47,48,52,55,58,63,78
7592,2022-01-22,?,2,3,5,18,20,24,25,30,31,33,35,38,42,43,52,54,55,58,60,65,74
7593,2022-01-23,?,1,3,6,8,22,23,27,30,31,35,37,39,40,47,52,65,66,71,75,76,77
7594,2022-01-24,?,2,1,3,4,7,8,11,21,22,30,34,45,46,48,52,56,62,65,66,71,73
7595,2022-01-25,?,3,6,17,20,21,23,31,33,35,40,44,46,49,52,54,55,65,71,73,75,80
7596,2022-01-26,?,1,3,7,12,13,14,18,24,25,28,35,37,40,44,46,51,52,55,66,74,78
7597,2022-01-27,?,2,1,6,12,13,20,24,27,31,34,39,43,44,52,55,61,63,68,72,76,79
7598,2022-01-28,?,3,1,7,14,15,19,21,25,28,30,31,40,44,47,49,55,56,57,58,64,74
7599,2022-01-29,?,4,4,13,17,20,28,32,33,34,37,38,44,50,53,55,56,59,69,73,74,78
7600,2022-01-30,?,2,10,14,15,20,28,30,34,35,37,40,41,42,44,51,55,56,57,63,71,80
7601,2022-01-31,?,2,1,4,6,9,11,13,16,20,22,27,33,34,46,48,59,65,71,73,76,78
7602,2022-02-01,?,1,3,9,12,13,14,15,19,20,23,27,29,30,39,46,52,56,58,70,71,77
7603,2022-02-02,?,3,1,3,5,6,9,14,30,36,44,48,50,57,58,60,61,62,65,70,72,80
7604,2022-02-03,?,4,8,11,14,15,17,20,25,27,30,33,34,36,44,48,53,58,59,65,69,70
7605,2022-02-04,?,4,5,17,18,25,27,29,31,36,39,52,54,57,58,59,61,62,63,70,71,74
7606,2022-02-05,?,1,2,4,7,18,19,26,28,31,33,35,44,55,57,61,62,70,71,75,76,79
7607,2022-02-06,?,3,3,6,9,10,12,17,24,49,54,57,61,63,64,68,70,71,72,75,79,80
7608,2022-02-07,?,4,1,3,10,13,17,19,25,26,32,43,44,51,52,62,66,69,71,74,77,78
7609,2022-02-08,?,2,4,12,18,22,24,27,28,35,36,40,45,46,47,48,52,56,61,64,70,72
7610,2022-02-09,?,3,1,2,13,15,21,22,24,25,26,34,40,46,48,51,52,58,59,65,66,68
7611,2022-02-10,?,3,2,4,8,12,14,16,24,37,39,43,46,47,53,57,62,65,72,75,78,80
7612,2022-02-11,?,2,3,13,16,17,20,25,38,45,46,52,53,54,58,60,61,65,66,68,70,73
7613,2022-02-12,?,2,1,5,8,11,13,14,19,22,26,32,33,34,35,39,49,54,57,58,62,74
7614,2022-02-13,?,2,6,16,21,23,24,26,32,35,38,39,42,45,46,49,51,70,71,72,73,80
7615,2022-02-14,?,4,2,9,10,11,15,28,33,34,36,44,45,46,49,50,52,55,63,75,76,78
7616,2022-02-15,?,2,8,13,14,15,19,22,27,30,32,35,36,38,40,45,50,52,64,67,70,74
7617,2022-02-16,?,1,1,2,3,6,9,11,13,22,32,41,43,47,49,51,65,69,73,77,78,80
7618,2022-02-17,?,1,3,5,8,12,13,25,30,33,41,45,52,56,57,59,66,67,69,72,77,80
7619,2022-02-18,?,1,9,12,35,38,39,45,48,51,53,57,60,62,63,65,67,68,69,70,74,75
7620,2022-02-19,?,1,1,8,12,18,20,21,25,28,29,31,35,40,42,63,64,65,68,70,72,79
7621,2022-02-20,?,3,3,5,12,14,17,19,20,27,36,42,47,51,53,55,62,74,75,77,78,80
7622,2022-02-21,?,2,1,2,3,5,10,28,33,37,40,41,46,49,52,53,56,59,63,64,68,78
7623,2022-02-22,?,1,4,7,8,9,13,15,16,23,27,28,31,34,36,43,47,51,61,70,75,79
7624,2022-02-23,?,4,4,20,21,27,28,31,33,34,37,39,40,47,50,52,58,61,62,66,73,75
7625,2022-02-24,?,3,3,7,11,17,20,21,25,33,37,38,40,42,44,55,59,67,69,75,77,80
7626,2022-02-25,?,2,2,4,6,7,10,15,23,30,32,37,44,46,48,59,60,64,65,75,76,77
7627,2022-02-26,?,2,1,7,8,19,24,32,35,40,46,48,50,54,56,58,60,61,63,64,65,69
7628,2022-02-27,?,1,2,3,4,5,7,12,27,28,39,42,44,50,51,52,54,60,62,72,75,78
7629,2022-02-28,?,1,3,5,6,13,15,16,18,28,30,31,33,36,42,45,46,47,49,53,63,75
7630,2022-03-01,?,1,1,2,8,15,16,17,21,24,28,32,37,38,48,50,54,63,70,73,75,76
7631,2022-03-02,?,1,3,9,10,15,30,33,38,41,42,43,49,52,55,57,67,69,72,74,78,79
7632,2022-03-03,?,1,1,7,10,18,20,23,27,28,32,34,37,56,62,66,67,68,71,73,77,78
7633,2022-03-04,?,1,3,4,7,8,10,15,24,34,47,55,56,59,61,64,66,72,73,75,77,80
7634,2022-03-05,?,1,1,6,11,13,28,29,32,34,39,41,43,44,49,52,53,61,63,65,69,80
7635,2022-03-06,?,1,3,4,10,11,12,13,14,15,17,18,27,32,33,37,38,39,55,58,59,73
7636,2022-03-07,?,1,3,5,7,9,17,18,21,23,26,27,35,37,41,48,53,66,71,77,78,79
7637,2022-03-08,?,1,3,5,6,14,22,24,25,29,34,35,36,38,42,48,52,55,60,62,66,76
7638,2022-03-09,?,1,1,5,11,18,22,23,37,38,42,44,46,49,51,58,67,68,73,75,79,80
7639,2022-03-10,?,1,3,5,7,8,15,35,37,38,41,44,45,46,48,53,61,64,70,74,75,78
7640,2022-03-11,?,1,2,4,7,11,13,14,22,29,34,37,40,43,45,48,52,57,63,67,73,75
7641,2022-03-12,?,1,2,6,7,10,22,25,26,32,34,39,44,45,49,50,53,60,65,71,72,79
7642,2022-03-13,?,1,1,3,11,12,13,18,22,28,32,35,38,46,56,61,67,69,71,74,77,80
7643,2022-03-14,?,1,4,5,7,8,14,16,17,18,19,21,23,44,48,54,61,62,65,67,76,78
7644,2022-03-15,?,1,4,8,11,13,19,21,23,24,31,35,37,44,45,49,52,55,57,60,63,77
7645,2022-03-16,?,4,2,10,11,13,17,23,31,33,39,42,54,56,58,62,67,68,69,70,77,80
7646,2022-03-17,?,4,2,5,9,13,20,22,31,33,36,47,48,50,56,57,61,63,72,73,74,79
7647,2022-03-18,?,3,9,13,14,16,19,23,28,30,31,39,46,52,56,57,63,68,72,74,75,80
7648,2022-03-19,?,2,1,5,8,9,11,21,26,27,28,29,33,38,41,46,50,55,56,64,69,74
7649,2022-03-20,?,1,10,11,17,22,23,27,35,39,40,46,49,53,55,64,65,68,70,73,74,79
7650,2022-03-21,?,3,1,12,17,18,23,25,27,34,36,39,40,57,62,63,67,69,72,74,78,80
7651,2022-03-22,?,2,3,11,15,16,17,19,20,22,24,40,42,44,48,49,50,51,53,58,63,68
7652,2022-03-23,?,4,2,5,6,11,13,17,26,29,34,37,41,47,52,54,58,65,70,74,79,80
7653,2022-03-24,?,3,1,5,9,14,16,29,33,38,39,45,46,47,49,50,58,62,64,70,75,80
7654,2022-03-25,?,1,2,5,7,9,13,15,16,17,20,32,49,50,54,55,56,61,67,69,70,80
7655,2022-03-26,?,1,4,7,9,12,17,22,24,29,37,41,46,51,53,55,63,66,74,76,78,79
7656,2022-03-27,?,1,5,9,15,20,31,32,33,35,47,49,53,57,58,62,65,70,74,75,77,78
7657,2022-03-28,?,3,3,6,9,13,14,17,19,20,29,34,39,43,49,53,60,64,65,66,68,73
7658,2022-03-29,?,4,7,10,13,14,20,34,35,36,38,40,41,42,46,47,49,59,60,64,66,67
7659,2022-03-30,?,1,5,7,8,9,22,27,31,33,35,38,42,46,48,50,54,55,59,65,66,77
7660,2022-03-31,?,4,7,9,31,32,35,36,37,38,40,47,50,52,55,56,59,62,66,75,77,79
7661,2022-04-01,?,2,7,12,14,17,19,28,32,36,37,39,44,51,54,61,62,63,69,70,73,76
7662,2022-04-02,?,1,1,6,9,12,13,16,20,31,33,38,44,45,47,54,59,60,68,69,73,76
7663,2022-04-03,?,2,13,20,22,24,27,30,31,32,36,38,45,50,51,53,60,63,68,72,76,77
7664,2022-04-04,?,4,1,5,6,7,27,28,31,39,40,45,46,56,57,58,63,65,67,68,76,80
7665,2022-04-05,?,1,4,10,11,23,27,30,41,44,50,51,56,57,58,61,63,71,74,75,76,78
7666,2022-04-06,?,4,1,2,8,10,11,15,18,19,27,37,43,46,52,61,66,71,72,76,79,80
7667,2022-04-07,?,3,1,6,9,14,20,21,27,35,36,39,42,45,49,55,56,57,60,61,62,74
7668,2022-04-08,?,1,2,5,6,10,13,19,20,25,29,30,32,49,51,54,57,58,59,61,67,76
7669,2022-04-09,?,3,3,6,14,15,18,23,24,33,37,41,46,47,52,54,59,60,66,68,74,77
7670,2022-04-10,?,2,6,8,10,11,17,19,21,23,24,26,33,35,37,40,42,43,45,47,66,68
7671,2022-04-11,A,3,4,5,11,13,19,22,27,38,41,42,43,47,55,57,59,63,64,69,72,75
7672,2022-04-12,?,4,9,10,14,17,32,34,37,38,40,44,52,57,63,64,66,71,72,75,77,80
7673,2022-04-13,?,1,3,4,6,7,8,10,15,18,20,21,29,37,42,51,63,65,68,70,73,78
7674,2022-04-14,?,1,14,15,20,24,25,26,27,28,29,36,40,41,42,54,57,60,66,73,74,78
7675,2022-04-15,?,1,3,5,8,9,11,12,27,29,41,46,47,54,61,62,63,64,67,77,78,79
7676,2022-04-16,?,4,1,3,5,8,10,33,39,40,43,48,50,56,59,61,63,67,68,73,76,78
7677,2022-04-17,?,4,6,14,18,21,28,29,32,38,39,42,48,59,60,62,67,69,70,73,75,79
7678,2022-04-18,?,4,12,13,14,15,16,18,29,32,42,43,54,56,57,58,60,63,67,70,71,72
7679,2022-04-19,?,2,4,9,11,15,19,26,27,33,36,39,46,53,55,60,72,73,74,75,77,78
7680,2022-04-20,?,4,10,12,14,17,22,24,28,29,32,33,35,42,55,57,67,68,70,72,74,80
7681,2022-04-21,?,3,4,7,8,11,12,13,24,30,36,39,43,44,46,53,56,62,64,71,72,77
7682,2022-04-22,?,4,3,4,5,8,10,11,13,29,34,36,37,42,47,52,56,68,70,72,73,74
7683,2022-04-23,?,4,2,6,8,10,14,18,26,27,29,39,47,48,49,60,67,70,73,74,75,79
7684,2022-04-24,?,3,1,4,7,8,9,21,22,26,27,37,43,49,55,57,58,63,65,68,77,79
7685,2022-04-25,?,1,3,8,15,23,24,29,30,35,36,41,48,50,56,63,68,73,74,75,78,79
7686,2022-04-26,?,4,4,6,7,10,13,17,25,37,39,47,54,57,60,61,65,67,69,72,73,74
7687,2022-04-27,?,4,5,7,16,22,31,39,40,46,49,50,51,52,54,56,59,60,61,64,77,80
7688,2022-04-28,?,4,1,2,5,8,9,11,15,16,19,24,31,43,46,51,55,56,62,70,71,78
7689,2022-04-29,?,4,1,9,10,27,32,35,37,43,52,54,58,61,64,65,66,70,71,72,74,79
7690,2022-04-30,?,1,1,15,16,25,26,27,28,34,36,37,38,47,48,52,53,54,60,67,78,80
7691,2022-05-01,?,2,4,5,8,12,14,15,17,18,20,22,25,26,33,37,39,41,44,45,72,73
7692,2022-05-02,?,2,7,8,9,10,12,28,33,38,39,41,46,48,56,58,70,71,72,75,76,77
7693,2022-05-03,?,1,6,7,12,17,20,21,24,28,30,35,39,40,50,61,62,68,72,75,76,78
7694,2022-05-04,?,3,6,13,15,19,23,28,30,32,34,36,42,43,49,56,61,62,64,67,78,79
7695,2022-05-05,?,4,7,11,13,16,39,40,45,47,49,52,53,57,61,63,64,67,68,70,72,74
7696,2022-05-06,?,4,1,6,7,10,11,18,24,26,31,34,38,40,43,45,49,50,51,60,74,80
7697,2022-05-07,?,2,3,6,11,14,17,19,20,23,29,36,46,57,58,63,64,65,68,75,77,79
7698,2022-05-08,?,3,1,2,6,7,14,15,21,22,25,28,32,34,46,48,54,56,73,77,78,79
7699,2022-05-09,?,1,4,6,8,10,13,15,21,27,29,36,37,38,41,47,50,51,60,65,69,72
7700,2022-05-10,?,2,4,5,7,9,10,19,24,26,34,38,49,51,57,61,69,73,74,77,79,80
7701,2022-05-11,?,3,7,8,9,17,20,21,30,31,33,34,35,37,40,42,43,44,51,59,62,68
7702,2022-05-12,?,2,10,15,17,20,23,25,29,35,38,40,42,45,46,53,60,61,62,63,68,78
7703,2022-05-13,?,3,2,3,4,6,8,10,14,18,26,29,30,33,35,52,57,63,68,71,72,75
7704,2022-05-14,?,4,6,8,12,17,18,19,21,24,25,27,29,33,35,40,49,52,59,76,77,80
7705,2022-05-15,?,3,2,4,6,11,16,23,24,25,27,28,31,36,38,48,54,63,66,68,74,80
7706,2022-05-16,?,4,3,10,12,14,15,26,33,34,35,36,38,48,50,56,60,68,71,72,75,77
7707,2022-05-17,?,1,1,4,6,7,13,16,25,28,30,34,36,39,40,44,46,49,51,52,54,76
7708,2022-05-18,?,4,2,7,8,11,21,33,34,35,43,45,52,56,61,63,65,66,67,71,72,74
7709,2022-05-19,?,1,11,12,13,17,18,25,26,27,47,51,52,53,56,57,65,68,69,70,77,79
7710,2022-05-20,?,3,3,6,12,16,19,22,24,26,28,30,31,41,43,55,56,66,67,68,69,77
7711,2022-05-21,?,3,3,5,8,14,15,26,27,41,43,45,53,54,56,59,61,63,65,69,75,77
7712,2022-05-22,?,4,3,11,17,21,24,27,28,33,34,36,41,45,47,50,51,68,73,75,77,79
7713,2022-05-23,?,3,2,3,4,6,9,12,13,24,26,40,43,46,48,49,55,58,62,67,73,75
7714,2022-05-24,?,4,4,7,10,17,20,33,34,38,50,51,52,54,56,63,67,71,74,75,76,80
7715,2022-05-25,?,1,2,4,10,11,19,21,23,25,29,30,34,36,39,41,54,61,65,76,77,80
7716,2022-05-26,?,2,2,4,10,11,23,25,28,29,37,40,44,48,50,52,55,56,59,69,73,80
7717,2022-05-27,?,2,1,4,5,11,14,17,24,30,36,37,41,42,43,45,48,52,63,64,65,71
7718,2022-05-28,?,4,9,10,14,18,22,23,28,30,33,34,35,40,50,53,58,59,62,71,72,77
7719,2022-05-29,?,4,2,3,10,12,17,18,21,22,23,30,39,43,55,58,59,61,66,68,72,80
7720,2022-05-30,?,1,12,14,15,16,21,26,29,32,41,43,47,53,55,57,65,66,69,71,73,79
7721,2022-05-31,?,4,1,3,4,5,10,19,27,41,44,50,52,55,56,61,65,68,72,73,78,80
7722,2022-06-01,?,4,5,6,23,28,30,32,45,47,49,52,53,59,60,64,65,69,72,74,75,76
7723,2022-06-02,a,4,5,7,8,13,23,26,27,31,32,37,39,48,49,50,59,61,65,69,77,79
7724,2022-06-03,b,4,2,4,6,7,13,14,24,28,39,43,49,52,54,56,57,59,61,70,76,80
7725,2022-06-04,b,2,2,4,14,16,23,26,29,32,38,41,48,55,56,68,69,71,73,74,76,79
7726,2022-06-05,a,1,1,2,3,10,11,14,15,16,22,27,40,43,53,56,59,62,65,68,69,75
7727,2022-06-06,b,4,6,7,9,13,14,17,18,19,20,21,23,24,38,41,48,54,55,61,67,73
7728,2022-06-07,b,2,14,17,18,22,23,31,34,41,48,49,53,59,60,62,63,64,67,69,73,78
7729,2022-06-08,b,2,4,5,6,11,13,14,17,21,24,26,30,33,36,39,41,43,44,52,59,78
7730,2022-06-09,b,1,5,12,16,18,19,28,31,39,45,46,51,58,59,61,64,66,67,68,73,74
7731,2022-06-10,b,4,5,10,15,17,23,28,30,32,33,34,35,37,38,42,48,50,54,63,75,80